50 1000
36 45 31
33 19 88
13 30 838
40 4 220
10 40 874
50 49 292
5 39 672
13 36 651
3 14 232
36 11 330
28 8 143
26 22 234
5 44 414
4 35 760
6 4 647
33 48 856
21 22 417
2 37 343
14 24 665
19 10 406
43 44 180
22 39 821
14 8 814
41 27 15
17 24 424
4 44 122
12 10 22
12 4 278
28 17 344
41 13 600
10 22 457
47 2 739
25 11 811
44 19 17
48 29 53
21 49 264
34 40 18
35 10 416
38 26 26
43 23 594
3 8 122
45 7 648
26 5 674
30 31 338
16 12 953
50 42 612
21 7 370
36 24 509
27 48 36
7 15 203
16 36 855
27 44 535
5 19 343
25 14 380
8 25 237
43 25 393
40 7 224
30 24 560
40 41 842
42 41 462
12 35 215
44 9 619
38 19 367
37 32 22
31 28 581
39 29 76
8 37 902
33 29 342
19 17 994
31 15 299
41 44 456
26 7 784
49 20 216
15 50 170
23 25 489
50 29 417
9 2 935
41 16 836
20 34 594
29 22 597
20 11 985
3 29 53
15 32 592
19 42 675
5 25 357
39 12 142
41 24 464
49 2 458
43 49 582
32 13 29
19 16 756
43 14 287
39 4 269
25 36 194
22 30 494
16 32 520
1 33 292
25 24 342
46 4 481
37 28 587
14 34 125
35 11 2
35 43 795
27 18 814
9 24 64
4 42 968
32 21 895
21 41 311
25 38 199
11 31 931
40 22 345
20 5 600
18 25 108
15 29 216
26 34 591
11 18 331
35 42 731
16 35 377
47 35 700
25 2 988
41 25 74
41 1 196
21 10 798
13 48 716
27 32 535
9 30 605
17 20 546
21 44 734
26 20 900
29 40 279
20 22 221
7 48 47
21 34 540
16 13 516
47 18 178
11 37 281
11 26 748
1 17 427
13 2 352
19 40 204
39 44 224
48 45 473
27 7 267
49 47 926
2 19 992
49 35 393
48 19 698
37 12 80
39 8 931
13 14 757
28 9 703
13 6 785
42 11 299
8 35 556
28 25 678
45 23 19
31 14 479
9 20 257
44 8 285
28 10 163
47 1 835
40 47 646
34 49 29
42 8 673
37 19 445
29 4 186
38 46 756
6 2 412
17 36 290
44 12 370
9 19 672
11 27 662
20 13 791
41 26 946
19 34 934
33 2 329
39 26 708
46 17 625
31 13 510
42 10 756
27 36 353
22 12 614
24 12 578
40 6 50
7 5 527
37 38 92
34 38 769
20 1 93
46 13 44
31 21 511
45 38 236
26 3 177
16 1 17
46 48 111
47 31 421
50 16 399
37 29 566
8 20 192
36 18 716
3 50 674
47 45 896
34 2 126
25 32 716
42 6 318
25 10 107
2 35 4
43 4 107
7 2 462
26 35 96
41 10 992
36 23 761
28 34 137
28 49 368
15 30 330
3 23 819
8 7 109
49 40 200
43 26 749
4 21 858
45 33 37
6 5 548
25 1 43
50 12 211
9 4 963
15 10 784
8 22 64
37 36 585
24 35 352
17 42 881
2 38 84
2 3 276
16 22 31
7 17 7
5 29 70
15 17 501
13 27 261
32 18 214
4 37 90
29 23 767
12 26 9
16 34 556
18 37 194
21 5 158
19 28 697
34 10 675
36 15 360
40 39 801
44 30 876
20 19 609
32 20 55
14 19 897
40 21 61
44 10 827
16 8 459
16 7 946
29 7 624
50 34 614
34 4 681
7 38 795
13 28 986
22 41 848
9 3 946
9 34 740
28 14 572
20 33 487
32 34 721
4 32 469
36 38 784
48 49 731
33 41 869
42 49 948
24 22 546
12 31 980
8 12 20
35 3 879
1 40 550
16 43 184
48 2 352
41 38 353
17 4 482
43 2 79
15 14 341
46 16 742
48 6 330
40 17 357
17 43 933
45 12 919
12 42 785
4 13 650
45 28 739
46 5 29
11 22 275
13 17 703
24 50 654
11 10 16
20 43 22
1 32 674
40 35 591
2 28 151
50 40 248
37 22 374
20 23 389
10 39 577
47 10 796
25 13 148
48 26 780
12 38 702
40 44 476
19 23 601
44 34 681
11 50 61
28 43 812
30 28 879
22 14 571
12 13 10
28 27 961
18 34 616
50 48 518
47 33 740
21 50 40
32 12 621
24 16 314
11 17 64
4 50 739
15 41 366
47 44 380
47 29 590
9 25 99
38 9 767
43 47 49
39 43 386
27 15 384
21 27 325
23 12 828
48 21 454
20 47 461
12 18 390
31 40 108
48 11 625
2 14 559
38 43 33
49 25 209
10 16 422
13 29 346
17 6 677
3 40 468
14 46 124
7 44 967
9 27 379
13 34 975
21 38 629
11 21 387
9 16 239
25 21 923
9 50 890
35 45 779
5 49 177
2 29 846
35 31 590
13 50 140
25 46 36
3 27 995
41 50 407
47 50 568
1 38 151
24 10 495
3 22 107
33 7 231
10 14 799
50 6 864
15 37 582
25 20 426
6 26 818
32 2 235
40 24 783
1 36 502
40 16 481
36 30 417
48 16 256
36 8 795
37 42 891
35 36 875
39 15 227
33 37 755
6 39 462
47 24 670
29 43 409
15 46 403
44 46 181
21 47 389
19 6 604
42 31 401
28 5 824
8 18 644
36 40 715
25 29 396
13 35 933
2 46 620
24 26 281
35 19 430
44 49 266
31 5 386
30 25 367
41 28 865
15 23 921
15 45 309
2 22 568
10 3 781
6 49 271
40 23 614
11 45 809
1 7 0
45 31 670
47 26 72
13 21 530
44 42 301
18 39 657
48 40 48
17 9 344
7 22 559
18 14 174
20 41 510
44 35 225
25 34 209
42 36 406
3 41 965
15 13 780
43 42 43
19 41 914
8 4 992
18 45 281
50 33 973
49 18 815
38 16 294
13 3 194
30 11 340
8 23 47
23 7 839
34 22 103
36 33 554
6 22 385
46 8 140
35 1 48
33 25 718
10 2 635
21 16 559
7 4 34
34 33 12
15 5 144
4 10 54
44 36 310
47 19 310
24 37 774
15 48 634
45 41 578
23 44 888
33 5 874
5 3 189
15 35 21
49 11 112
36 26 56
19 46 885
4 16 285
25 50 64
28 48 149
18 48 306
13 23 558
26 21 294
16 33 405
18 29 934
20 3 995
47 11 159
37 9 610
17 26 232
33 39 509
26 50 903
45 8 240
37 30 779
11 40 742
33 9 583
27 6 741
38 13 710
27 2 766
5 41 680
11 29 435
34 11 552
26 29 789
10 36 312
37 46 289
11 5 901
40 5 925
1 45 435
33 22 41
19 1 96
36 41 791
49 36 916
24 46 275
33 24 607
40 27 262
35 20 367
27 4 720
7 12 681
17 29 587
10 9 668
22 4 533
43 46 756
40 25 195
32 50 380
22 36 824
29 19 895
32 10 326
50 22 599
12 46 633
28 22 518
34 46 601
31 6 5
32 41 975
1 31 509
37 27 773
34 12 377
21 45 44
39 50 53
22 38 583
21 15 131
42 33 295
45 26 684
47 46 761
1 9 176
7 50 14
10 26 917
14 27 889
46 6 363
46 42 801
34 48 877
3 37 741
33 10 782
24 44 943
22 46 724
33 46 370
50 20 907
49 19 606
50 23 526
15 34 868
28 24 383
20 18 608
27 19 191
36 34 479
32 33 129
28 47 204
5 23 631
42 3 919
31 49 276
8 29 867
10 43 652
45 29 443
16 26 549
3 11 934
28 46 938
46 39 151
48 44 32
28 33 536
17 14 224
13 8 79
38 14 303
30 20 671
34 17 126
36 31 159
14 1 735
23 26 627
32 22 407
21 23 530
48 25 402
22 43 512
36 39 402
42 29 490
29 46 770
27 30 588
43 34 670
46 45 865
20 36 549
9 26 378
48 47 623
25 37 852
4 11 36
47 23 441
47 36 275
37 10 659
49 30 53
7 47 97
49 46 355
3 28 401
18 22 817
33 43 330
16 49 914
25 39 978
26 27 410
23 2 612
38 40 408
45 40 316
5 13 187
11 16 146
7 36 965
42 48 951
30 12 61
7 9 50
31 4 25
27 45 837
46 18 122
30 5 739
11 39 869
6 25 185
25 31 466
15 12 476
19 21 127
32 3 425
17 12 615
6 44 481
45 37 846
2 16 599
43 45 713
10 48 212
13 43 790
24 13 927
24 39 5
23 17 805
42 25 628
3 44 186
49 7 730
13 26 67
18 30 13
50 43 901
41 4 527
50 44 689
9 15 90
2 31 159
9 21 281
5 24 516
1 18 960
37 21 592
18 6 716
11 7 996
42 23 245
8 24 992
34 8 467
21 29 777
39 2 621
50 38 199
11 1 161
21 18 924
19 7 95
24 23 254
12 27 736
31 20 757
43 6 453
22 15 211
13 22 888
26 49 199
5 42 344
13 10 522
24 27 216
8 48 982
21 8 707
2 26 172
1 8 219
41 17 399
43 12 558
34 6 377
11 23 409
19 13 151
7 14 620
22 25 277
46 20 329
25 47 713
32 42 27
32 9 827
35 32 406
49 9 87
24 2 318
42 22 815
30 16 193
41 34 610
49 3 944
17 44 398
38 31 577
44 28 72
8 2 387
24 45 483
30 29 441
10 1 275
50 36 399
24 38 883
46 23 567
13 47 632
13 44 107
13 33 863
14 45 78
32 7 652
7 3 280
35 41 100
48 31 25
12 14 485
27 31 249
5 47 901
9 14 937
18 7 343
21 3 803
33 23 630
39 41 909
12 49 658
4 48 829
32 14 875
11 14 777
20 12 812
46 10 192
14 16 582
38 18 101
28 21 816
39 14 868
27 17 34
24 18 188
38 5 610
18 31 310
15 8 727
5 16 252
34 47 12
13 42 808
30 26 926
38 44 459
28 29 240
1 34 200
38 8 244
50 30 693
44 45 645
9 5 227
26 15 485
31 43 213
29 10 240
1 44 163
27 29 912
26 18 684
13 18 145
35 46 296
14 4 691
45 6 619
43 21 307
26 42 55
8 27 403
40 28 49
37 5 44
17 31 978
27 39 503
37 48 957
20 14 350
3 17 655
47 12 533
24 3 639
29 20 197
1 50 402
9 36 893
38 4 22
21 6 732
41 8 708
20 7 787
3 6 289
24 7 538
22 17 945
49 23 328
20 21 5
12 1 376
44 18 129
49 38 908
26 46 62
29 31 197
35 38 580
15 11 154
12 36 2
32 40 949
29 24 114
23 34 75
19 11 723
3 18 562
43 37 822
28 20 176
28 36 718
35 18 606
9 31 615
5 34 30
15 16 760
18 19 320
30 41 24
17 39 985
39 32 838
21 42 699
37 50 367
39 19 663
42 34 760
38 10 950
35 22 325
48 38 291
34 29 604
32 29 671
23 6 87
47 16 794
45 22 118
26 33 58
38 47 782
30 10 70
27 20 672
2 30 447
23 38 434
11 46 889
49 22 284
24 48 186
2 18 587
25 27 29
24 21 654
20 45 244
33 31 63
13 45 6
33 14 253
22 31 116
43 48 945
31 46 710
20 39 928
50 27 487
7 43 815
48 39 560
9 8 27
29 12 231
17 45 597
50 31 524
37 13 114
39 7 754
18 50 483
7 6 40
19 24 146
20 16 867
6 38 212
42 1 168
1 5 661
41 9 824
43 15 558
4 3 900
8 33 109
37 20 233
27 10 795
37 16 486
46 40 417
16 6 901
14 47 405
3 39 876
42 47 77
3 48 595
3 36 568
35 39 35
10 31 936
32 11 724
7 42 859
44 22 601
35 6 574
14 44 393
40 8 895
19 3 799
5 50 939
14 49 878
28 16 666
8 43 136
3 30 736
35 29 633
35 14 98
6 28 42
28 35 889
15 40 416
23 32 86
9 47 688
12 9 674
31 19 187
1 22 141
25 4 516
28 26 452
23 18 540
13 1 777
15 33 749
13 49 320
2 42 110
12 21 483
44 29 260
45 42 848
15 2 852
26 4 435
23 4 218
38 30 85
3 34 694
45 16 640
35 9 170
42 40 937
28 1 322
11 6 51
27 1 762
32 47 38
19 43 893
50 14 819
27 5 203
21 1 480
43 11 319
16 44 686
25 12 24
30 6 574
8 47 972
31 8 860
2 21 563
3 15 555
1 30 450
49 1 399
31 24 510
33 35 898
47 39 985
44 20 472
40 9 947
31 41 218
17 38 538
19 4 965
14 5 410
2 5 563
1 15 468
47 6 385
19 45 780
3 12 443
8 19 159
47 27 806
37 47 322
39 16 83
48 5 438
18 41 618
49 8 869
26 40 992
42 24 179
37 7 254
32 44 45
2 50 365
36 2 622
38 32 798
43 24 664
48 9 97
27 16 626
31 3 279
33 21 998
37 6 679
35 7 56
14 21 223
14 42 451
3 46 681
26 31 873
33 6 706
23 27 299
49 29 665
8 50 83
25 19 935
3 47 406
6 15 895
41 43 357
6 29 627
26 37 718
46 1 20
36 32 492
28 15 275
26 44 352
18 17 726
49 27 890
38 29 552
6 8 229
23 39 85
29 9 824
43 3 769
23 35 332
17 49 220
45 4 888
48 1 381
4 28 362
17 33 270
41 7 545
14 48 463
16 3 688
23 41 365
4 1 729
31 32 714
37 35 809
31 37 780
13 9 813
15 19 667
37 49 10
2 11 280
20 6 429
4 20 38
33 18 941
37 41 35
36 29 195
1 6 580
14 6 910
37 39 711
